444
640
640
600
600
600
600
600
640
600
600
600
600
600
600
600
600
640
600
640
640
640
640
640
640
640
640
640
444
600
600
600
600
600
600
440
444
640
640
600
600
600
600
600
640
600
600
600
600
600
600
600
600
640
600
640
640
640
640
640
640
640
640
640
444
600
600
600
600
600
600
440
444
640
640
600
600
600
600
600
640
600
600
600
600
600
600
600
600
640
600
640
640
640
640
640
640
640
640
640
444
600
600
600
600
600
600
440
444
640
640
600
600
600
600
600
640
600
600
600
600
600
600
600
600
640
600
640
640
640
640
640
640
640
640
640
444
600
600
600
600
600
600
440
444
640
640
600
600
600
600
600
640
600
600
600
600
600
600
600
600
640
600
640
640
640
640
640
640
640
640
640
444
600
600
600
600
600
600
440
444
640
640
600
600
600
600
600
640
600
600
600
600
600
600
600
600
640
600
640
640
640
640
640
640
640
640
640
444
600
600
600
600
600
600
440
